//  exp     hp  mp  str end mag mgr hit dod stk fer rea ctr
1   0       32  11  13  13  9   9   11  10  1   10  5   5
2   10      3   1   1   1   0   0   1   0   0   0   0   0
3   32      2   0   1   1   1   1   0   1   0   0   0   0
4   68      3   1   1   1   1   1   1   1   0   0   0   0
5   120     2   1   1   1   0   0   1   1   0   0   1   1
6   190     2   1   1   1   1   1   1   0   0   0   0   0
7   280     3   1   1   1   0   0   1   1   0   0   0   0
8   392     2   0   1   1   1   1   0   1   0   0   0   0
9   528     3   1   1   1   1   1   1   0   0   0   0   0
10  690     2   1   1   1   0   0   1   1   0   0   0   0
11  880     2   1   1   1   1   1   1   1   0   0   0   0
12  1100    3   1   1   1   1   1   1   1   0   0   0   0
13  1352    2   0   0   0   0   0   0   0   0   0   0   0
14  1638    3   1   1   1   1   1   1   1   0   0   0   0
15  1960    2   1   1   1   1   1   1   1   0   0   1   1
16  2320    2   1   1   1   0   0   1   1   0   0   0   0
17  2720    3   1   1   1   1   1   1   0   0   0   0   0
18  3162    2   0   1   1   1   1   0   1   0   0   0   0
19  3648    3   1   1   1   0   0   1   1   0   0   0   0
20  4180    2   1   1   1   1   1   1   0   0   0   0   0
21  4760    2   1   1   1   0   0   1   1   0   0   0   0
22  5390    3   1   1   1   1   1   1   1   0   0   0   0
23  6052    2   0   1   1   1   1   0   1   0   0   0   0
24  6768    3   1   1   1   0   0   1   0   0   0   0   0
25  7540    2   1   1   1   1   1   1   1   0   0   1   1
26  8370    2   1   1   1   1   1   1   1   0   0   0   0
27  9260    3   1   1   1   0   0   1   0   0   0   0   0
28  10232   2   0   1   1   1   1   0   1   0   0   0   0
29  11268   3   1   1   1   1   1   1   1   0   0   0   0
30  12370   2   1   1   1   0   0   1   1   0   0   0   0
31  13540   2   1   1   1   1   1   1   0   0   0   0   0
32  14780   3   1   1   1   0   0   1   1   0   0   0   0
33  16092   2   0   1   1   1   1   0   1   0   0   0   0
34  17478   3   1   1   1   1   1   1   0   0   0   0   0
35  18940   2   1   1   1   0   0   1   1   0   0   1   1
36  20480   2   1   1   1   1   1   1   1   0   0   0   0
37  22100   3   1   1   1   1   1   1   1   0   0   0   0
38  23802   2   0   0   0   0   0   0   0   0   0   0   0
39  25588   3   1   1   1   1   1   1   1   0   0   0   0
40  27460   2   1   1   1   1   1   1   1   0   0   0   0
41  29420   2   1   1   1   0   0   1   1   0   0   0   0
42  31470   3   1   1   1   1   1   1   0   0   0   0   0
43  33612   2   0   1   1   1   1   0   1   0   0   0   0
44  35848   3   1   1   1   0   0   1   1   0   0   0   0
45  38180   2   1   1   1   1   1   1   0   0   0   1   1
46  40610   2   1   1   1   0   0   1   1   0   0   0   0
47  43140   3   1   1   1   1   1   1   1   0   0   0   0
48  45772   2   0   1   1   1   1   0   1   0   0   0   0
49  48508   3   1   1   1   0   0   1   0   0   0   0   0
50  51350   2   1   1   1   1   1   1   1   0   0   0   0