//  exp     hp  mp  str end mag mgr hit dod stk fer rea ctr
1   0       19  26  5   6   14  13  6   9   1   5   4   0
2   10      2   2   1   1   1   1   1   0   0   0   0   0
3   32      1   2   0   0   1   1   0   1   0   0   0   0
4   68      2   2   1   1   1   1   1   1   0   0   0   0
5   120     1   2   0   0   1   1   0   0   0   0   0   0
6   190     2   2   0   1   1   1   1   1   0   0   0   0
7   280     1   1   1   0   1   1   0   0   0   0   1   0
8   392     2   2   0   1   1   1   1   1   0   0   0   0
9   528     1   2   1   0   1   1   0   1   0   0   0   0
10  690     1   2   0   1   1   1   1   0   0   0   0   0
11  880     2   2   0   0   1   1   0   1   0   0   0   0
12  1100    1   2   1   1   1   1   1   1   0   0   0   0
13  1352    2   2   0   0   2   0   0   0   0   0   0   0
14  1638    1   2   1   1   1   1   1   1   0   0   0   0
15  1960    2   2   0   0   1   1   0   1   0   0   0   0
16  2320    1   2   0   1   1   1   1   0   0   0   0   0
17  2720    1   2   1   0   1   1   0   1   0   0   0   0
18  3162    2   2   0   1   1   1   1   1   0   0   0   0
19  3648    1   1   1   0   1   1   0   0   0   0   1   0
20  4180    2   2   0   1   1   1   1   1   0   0   0   0
21  4760    1   2   0   0   1   1   0   0   0   0   0   0
22  5390    2   2   1   1   1   1   1   1   0   0   0   0
23  6052    1   2   0   0   1   1   0   1   0   0   0   0
24  6768    2   2   1   1   1   1   1   0   0   0   0   0
25  7540    1   2   0   0   1   1   0   1   0   0   0   0
26  8370    1   2   0   0   1   1   0   1   0   0   0   0
27  9260    2   2   1   1   1   1   1   0   0   0   0   0
28  10232   1   2   0   0   1   1   0   1   0   0   0   0
29  11268   2   2   1   1   1   1   1   1   0   0   0   0
30  12370   1   2   0   0   1   1   0   0   0   0   0   0
31  13540   2   2   0   1   1   1   1   1   0   0   0   0
32  14780   1   1   1   0   1   1   0   0   0   0   1   0
33  16092   2   2   0   1   1   1   1   1   0   0   0   0
34  17478   1   2   1   0   1   1   0   1   0   0   0   0
35  18940   1   2   0   1   1   1   1   0   0   0   0   0
36  20480   2   2   0   0   1   1   0   1   0   0   0   0
37  22100   1   2   1   1   1   1   1   1   0   0   0   0
38  23802   2   2   0   0   2   0   0   0   0   0   0   0
39  25588   1   2   1   1   1   1   1   1   0   0   0   0
40  27460   2   2   0   0   1   1   0   1   0   0   0   0
41  29420   1   2   0   1   1   1   1   0   0   0   0   0
42  31470   1   2   1   0   1   1   0   1   0   0   0   0
43  33612   2   2   0   1   1   1   1   1   0   0   0   0
44  35848   1   1   1   0   1   1   0   0   0   0   1   0
45  38180   2   2   0   1   1   1   1   1   0   0   0   0
46  40610   1   2   0   0   1   1   0   0   0   0   0   0
47  43140   2   2   1   1   1   1   1   1   0   0   0   0
48  45772   1   2   0   0   1   1   0   1   0   0   0   0
49  48508   2   2   1   1   1   1   1   0   0   0   0   0
50  51350   1   2   0   0   1   1   0   1   0   0   0   0