//  exp     hp  mp  str end mag mgr hit dod stk fer rea ctr
1   0       39  0   16  14  4   6   13  11  2   10  3   20
2   10      3   0   1   1   1   1   1   1   0   0   0   1
3   32      3   0   2   1   0   0   1   0   0   0   0   0
4   68      3   0   1   1   0   1   1   1   0   0   0   1
5   120     2   0   1   1   1   0   1   1   0   0   0   0
6   190     3   0   1   1   0   1   1   1   0   0   0   0
7   280     3   0   1   1   0   0   1   1   0   0   0   1
8   392     3   0   2   1   1   1   1   0   0   0   0   0
9   528     3   0   1   1   0   0   1   1   0   0   1   1
10  690     3   0   1   1   0   1   1   1   0   0   0   0
11  880     3   0   1   1   1   0   1   1   0   0   0   0
12  1100    3   0   1   1   0   1   1   1   0   0   0   1
13  1352    2   0   2   2   0   0   0   0   0   0   0   0
14  1638    3   0   1   1   0   1   1   1   0   0   0   1
15  1960    3   0   1   1   1   0   1   1   0   0   0   0
16  2320    3   0   1   1   0   1   1   1   0   0   0   0
17  2720    3   0   1   1   0   0   1   1   0   0   0   1
18  3162    3   0   2   1   1   1   1   0   0   0   0   0
19  3648    3   0   1   1   0   0   1   1   0   0   0   1
20  4180    3   0   1   1   0   1   1   1   0   0   0   0
21  4760    2   0   1   1   1   0   1   1   0   0   0   0
22  5390    3   0   1   1   0   1   1   1   0   0   0   1
23  6052    3   0   2   1   0   0   1   0   0   0   0   0
24  6768    3   0   1   1   1   1   1   1   0   0   0   1
25  7540    3   0   1   1   0   0   1   1   0   0   1   0
26  8370    3   0   1   1   0   0   1   1   0   0   0   0
27  9260    3   0   1   1   1   1   1   1   0   0   0   1
28  10232   3   0   2   1   0   0   1   0   0   0   0   0
29  11268   3   0   1   1   0   1   1   1   0   0   0   1
30  12370   2   0   1   1   1   0   1   1   0   0   0   0
31  13540   3   0   1   1   0   1   1   1   0   0   0   0
32  14780   3   0   1   1   0   0   1   1   0   0   0   1
33  16092   3   0   2   1   1   1   1   0   0   0   0   0
34  17478   3   0   1   1   0   0   1   1   0   0   0   1
35  18940   3   0   1   1   0   1   1   1   0   0   0   0
36  20480   3   0   1   1   1   0   1   1   0   0   0   0
37  22100   3   0   1   1   0   1   1   1   0   0   0   1
38  23802   2   0   2   2   0   0   0   0   0   0   0   0
39  25588   3   0   1   1   0   1   1   1   0   0   0   1
40  27460   3   0   1   1   1   0   1   1   0   0   0   0
41  29420   3   0   1   1   0   1   1   1   0   0   0   0
42  31470   3   0   1   1   0   0   1   1   0   0   1   1
43  33612   3   0   2   1   1   1   1   0   0   0   0   0
44  35848   3   0   1   1   0   0   1   1   0   0   0   1
45  38180   3   0   1   1   0   1   1   1   0   0   0   0
46  40610   2   0   1   1   1   0   1   1   0   0   0   0
47  43140   3   0   1   1   0   1   1   1   0   0   0   1
48  45772   3   0   2   1   0   0   1   0   0   0   0   0
49  48508   3   0   1   1   1   1   1   1   0   0   0   1
50  51350   3   0   1   1   0   0   1   1   0   0   0   0