//  exp     hp  mp  str end mag mgr hit dod stk fer rea ctr
1   0       28  10  11  8   8   9   14  15  1   15  5   10
2   10      2   0   1   0   0   0   1   1   0   0   0   0
3   32      2   1   0   1   1   1   1   1   0   0   0   1
4   68      2   1   1   0   0   1   1   1   0   0   0   0
5   120     2   1   1   1   1   0   1   2   0   0   1   0
6   190     2   0   1   0   0   1   1   1   0   0   0   0
7   280     3   1   1   1   1   0   1   1   0   0   0   0
8   392     2   1   0   0   0   1   1   1   0   0   0   1
9   528     2   0   1   1   1   1   1   1   0   0   0   0
10  690     2   1   1   1   1   0   1   1   0   0   0   0
11  880     2   1   1   0   0   1   1   1   0   0   0   0
12  1100    2   1   1   1   1   1   1   1   0   0   0   0
13  1352    2   0   0   0   0   0   2   2   0   0   0   1
14  1638    2   1   1   1   1   1   1   1   0   0   0   0
15  1960    2   1   1   0   0   1   1   1   0   0   1   0
16  2320    2   1   1   1   1   0   1   1   0   0   0   0
17  2720    2   0   1   1   1   1   1   1   0   0   0   0
18  3162    2   1   0   0   0   1   1   1   0   0   0   1
19  3648    3   1   1   1   1   0   1   1   0   0   0   0
20  4180    2   0   1   0   0   1   1   1   0   0   0   0
21  4760    2   1   1   1   1   0   1   2   0   0   0   0
22  5390    2   1   1   0   0   1   1   1   0   0   0   0
23  6052    2   1   0   1   1   1   1   1   0   0   0   1
24  6768    2   0   1   0   0   0   1   1   0   0   0   0
25  7540    2   1   1   1   1   1   1   1   0   0   1   0
26  8370    2   1   1   1   1   1   1   1   0   0   0   0
27  9260    2   0   1   0   0   0   1   1   0   0   0   0
28  10232   2   1   0   1   1   1   1   1   0   0   0   1
29  11268   2   1   1   0   0   1   1   1   0   0   0   0
30  12370   2   1   1   1   1   0   1   2   0   0   0   0
31  13540   2   0   1   0   0   1   1   1   0   0   0   0
32  14780   3   1   1   1   1   0   1   1   0   0   0   0
33  16092   2   1   0   0   0   1   1   1   0   0   0   1
34  17478   2   0   1   1   1   1   1   1   0   0   0   0
35  18940   2   1   1   1   1   0   1   1   0   0   1   0
36  20480   2   1   1   0   0   1   1   1   0   0   0   0
37  22100   2   1   1   1   1   1   1   1   0   0   0   0
38  23802   2   0   0   0   0   0   2   2   0   0   0   1
39  25588   2   1   1   1   1   1   1   1   0   0   0   0
40  27460   2   1   1   0   0   1   1   1   0   0   0   0
41  29420   2   1   1   1   1   0   1   1   0   0   0   0
42  31470   2   0   1   1   1   1   1   1   0   0   0   0
43  33612   2   1   0   0   0   1   1   1   0   0   0   1
44  35848   3   1   1   1   1   0   1   1   0   0   0   0
45  38180   2   0   1   0   0   1   1   1   0   0   1   0
46  40610   2   1   1   1   1   0   1   2   0   0   0   0
47  43140   2   1   1   0   0   1   1   1   0   0   0   0
48  45772   2   1   0   1   1   1   1   1   0   0   0   1
49  48508   2   0   1   0   0   0   1   1   0   0   0   0
50  51350   2   1   1   1   1   1   1   1   0   0   0   0