//  exp     hp  mp  str end mag mgr hit dod stk fer rea ctr
1   0       35  9   11  15  9   12  12  5   2   15  4   15
2   10      2   0   1   1   0   1   1   1   0   0   0   1
3   32      3   1   0   1   1   1   1   0   0   0   0   0
4   68      2   1   1   1   1   1   1   1   0   0   0   0
5   120     3   0   1   2   0   0   0   0   0   0   0   1
6   190     2   1   1   1   1   1   1   0   0   0   0   0
7   280     3   0   1   1   0   1   1   1   0   0   1   0
8   392     2   1   0   1   1   1   1   0   0   0   0   0
9   528     3   1   1   1   1   1   1   1   0   0   0   1
10  690     3   0   1   1   0   1   1   0   0   0   0   0
11  880     2   1   1   1   1   1   1   0   0   0   0   0
12  1100    3   1   1   1   1   1   1   1   0   0   0   1
13  1352    2   0   0   2   0   0   0   0   0   0   0   0
14  1638    3   1   1   1   1   1   1   1   0   0   0   0
15  1960    2   1   1   1   1   1   1   0   0   0   0   1
16  2320    3   0   1   1   0   1   1   0   0   0   0   0
17  2720    3   1   1   1   1   1   1   1   0   0   0   0
18  3162    2   1   0   1   1   1   1   0   0   0   0   0
19  3648    3   0   1   1   0   1   1   1   0   0   1   1
20  4180    2   1   1   1   1   1   1   0   0   0   0   0
21  4760    3   0   1   2   0   0   0   0   0   0   0   0
22  5390    2   1   1   1   1   1   1   1   0   0   0   1
23  6052    3   1   0   1   1   1   1   0   0   0   0   0
24  6768    2   0   1   1   0   1   1   1   0   0   0   0
25  7540    3   1   1   1   1   1   1   0   0   0   0   1
26  8370    3   1   1   1   1   1   1   0   0   0   0   0
27  9260    2   0   1   1   0   1   1   1   0   0   0   0
28  10232   3   1   0   1   1   1   1   0   0   0   0   0
29  11268   2   1   1   1   1   1   1   1   0   0   0   1
30  12370   3   0   1   2   0   0   0   0   0   0   0   0
31  13540   2   1   1   1   1   1   1   0   0   0   0   0
32  14780   3   0   1   1   0   1   1   1   0   0   1   1
33  16092   2   1   0   1   1   1   1   0   0   0   0   0
34  17478   3   1   1   1   1   1   1   1   0   0   0   0
35  18940   3   0   1   1   0   1   1   0   0   0   0   1
36  20480   2   1   1   1   1   1   1   0   0   0   0   0
37  22100   3   1   1   1   1   1   1   1   0   0   0   0
38  23802   2   0   0   2   0   0   0   0   0   0   0   0
39  25588   3   1   1   1   1   1   1   1   0   0   0   1
40  27460   2   1   1   1   1   1   1   0   0   0   0   0
41  29420   3   0   1   1   0   1   1   0   0   0   0   0
42  31470   3   1   1   1   1   1   1   1   0   0   0   1
43  33612   2   1   0   1   1   1   1   0   0   0   0   0
44  35848   3   0   1   1   0   1   1   1   0   0   1   0
45  38180   2   1   1   1   1   1   1   0   0   0   0   1
46  40610   3   0   1   2   0   0   0   0   0   0   0   0
47  43140   2   1   1   1   1   1   1   1   0   0   0   0
48  45772   3   1   0   1   1   1   1   0   0   0   0   0
49  48508   2   0   1   1   0   1   1   1   0   0   0   1
50  51350   3   1   1   1   1   1   1   0   0   0   0   0